25051 c#课程设计 必修  2.0 19 1475.0 77.63 57.4 3.02 2020 18 0.95 0 0.00
55230021 王云飞 75.0 2.7
55230020 李建军 0.0 0.0
55230019 王丽娟 88.0 3.7
55230018 张小红 82.0 3.3
55230017 刘小明 85.0 3.7
55230016 王建华 84.0 3.3
55230015 张明明 87.0 3.7
55230014 李丽丽 89.0 3.7
55230013 王小丽 89.0 3.7
55230012 李国强 77.0 2.7
55230011 习尾气 84.0 3.3
55230010 王军华 88.0 3.7
55230009 李娟娟 82.0 3.3
55230008 段郎仆 67.0 1.5
55230007 李小明 89.0 3.7
55230006 王丽华 75.0 2.7
55230005 董泰明 68.0 2.0
55230004 刘伟强 79.0 3.0
55230055 只因阔 87.0 3.7

23899 Java课程设计 必修  2.0 19 1535.0 80.79 63.4 3.34 2023 18 0.95 4 0.21
20240703 张小军 67.0 1.5
55230021 王云飞 87.0 3.7
55230020 李建军 0.0 0.0
55230019 王丽娟 82.0 3.3
55230018 张小红 85.0 3.7
55230017 刘小明 87.0 3.7
55230016 王建华 88.0 3.7
55230015 张明明 90.0 4.0
55230014 李丽丽 88.0 3.7
55230013 王小丽 88.0 3.7
55230012 李国强 85.0 3.7
55230011 习尾气 90.0 4.0
55230010 王军华 82.0 3.3
55230009 李娟娟 79.0 3.0
55230008 段郎仆 85.0 3.7
55230007 李小明 89.0 3.7
55230006 王丽华 93.0 4.0
55230005 董泰明 92.0 4.0
55230004 刘伟强 78.0 3.0

41543 Rvfpga课程 选修  1.5 19 1558.0 82.00 54.3 2.86 2023 18 0.95 6 0.32
55230021 王云飞 89.0 3.7
55230020 李建军 0.0 0.0
55230019 王丽娟 87.0 3.7
55230018 张小红 86.0 3.7
55230017 刘小明 81.0 0.0
55230016 王建华 84.0 3.3
55230015 张明明 92.0 4.0
55230014 李丽丽 90.0 4.0
55230013 王小丽 87.0 3.7
55230012 李国强 89.0 3.7
55230011 习尾气 91.0 4.0
55230010 王军华 87.0 3.7
55230009 李娟娟 90.0 4.0
55230008 段郎仆 81.0 0.0
55230007 李小明 93.0 4.0
55230006 王丽华 81.0 0.0
55230005 董泰明 84.0 3.3
55230004 刘伟强 67.0 1.5
55230055 只因阔 99.0 4.0

44584 材料力学 必修  2.5 20 0.0 0.00 0.0 0.00 2023 0 0.00 0 0.00
99240105 张军明 0.0 0.0
20240704 李建华 0.0 0.0
20230906 王小红 0.0 0.0
55230021 王云飞 0.0 0.0
55230020 李建军 0.0 0.0
55230019 王丽娟 0.0 0.0
55230018 张小红 0.0 0.0
55230017 刘小明 0.0 0.0
55230016 王建华 0.0 0.0
55230015 张明明 0.0 0.0
55230014 李丽丽 0.0 0.0
55230013 王小丽 0.0 0.0
55230012 李国强 0.0 0.0
55230011 习尾气 0.0 0.0
55230010 王军华 0.0 0.0
55230009 李娟娟 0.0 0.0
55230008 段郎仆 0.0 0.0
55230007 李小明 0.0 0.0
55230006 王丽华 0.0 0.0
55230004 刘伟强 0.0 0.0

44584 材料力学 必修  2.5 5 154.0 30.80 5.4 1.08 2022 2 0.33 0 0.00
20240709 张华明 0.0 0.0
20240703 张小军 77.0 2.7
20230908 李明红 0.0 0.0
20230907 张建军 0.0 0.0
55230005 董泰明 77.0 2.7

47539 电磁学 必修  3.0 21 0.0 0.00 0.0 0.00 2022 0 0.00 0 0.00
20240708 李小丽 0.0 0.0
20230908 李明红 0.0 0.0
20230906 王小红 0.0 0.0
55230021 王云飞 0.0 0.0
55230020 李建军 0.0 0.0
55230019 王丽娟 0.0 0.0
55230018 张小红 0.0 0.0
55230017 刘小明 0.0 0.0
55230016 王建华 0.0 0.0
55230015 张明明 0.0 0.0
55230014 李丽丽 0.0 0.0
55230013 王小丽 0.0 0.0
55230012 李国强 0.0 0.0
55230011 习尾气 0.0 0.0
55230010 王军华 0.0 0.0
55230009 李娟娟 0.0 0.0
55230008 段郎仆 0.0 0.0
55230007 李小明 0.0 0.0
55230006 王丽华 0.0 0.0
55230005 董泰明 0.0 0.0
55230004 刘伟强 0.0 0.0

47539 电磁学 必修  3.0 6 0.0 0.00 0.0 0.00 2021 0 0.00 0 0.00
20240710 王小军 0.0 0.0
20240707 王国华 0.0 0.0
20240705 王华明 0.0 0.0
20240704 李建华 0.0 0.0
20230907 张建军 0.0 0.0
20230905 李丽华 0.0 0.0

47539 电磁学 必修  3.0 4 164.0 41.00 6.7 1.68 2020 2 0.50 0 0.00
99240108 张小明 0.0 0.0
20240703 张小军 78.0 3.0
20230910 张美华 0.0 0.0
55230055 只因阔 86.0 3.7

39913 电路与模拟电子实验 必修  3.0 22 1386.0 63.00 58.3 2.65 2022 16 0.73 5 0.23
20240705 王华明 0.0 0.0
20240704 李建华 0.0 0.0
20240703 张小军 87.0 3.7
20230908 李明红 0.0 0.0
20230906 王小红 0.0 0.0
20230910 张美华 0.0 0.0
55230021 王云飞 87.0 3.7
55230020 李建军 0.0 0.0
55230019 王丽娟 75.0 2.7
55230018 张小红 87.0 3.7
55230017 刘小明 90.0 4.0
55230016 王建华 90.0 4.0
55230015 张明明 93.0 4.0
55230013 王小丽 85.0 3.7
55230012 李国强 88.0 3.7
55230011 习尾气 87.0 3.7
55230010 王军华 91.0 4.0
55230009 李娟娟 87.0 3.7
55230008 段郎仆 77.0 2.7
55230007 李小明 91.0 4.0
55230006 王丽华 88.0 3.7
55230005 董泰明 83.0 3.3

39913 电路与模拟电子实验 必修  3.0 13 0.0 0.00 0.0 0.00 2023 0 0.00 0 0.00
99240120 张霞 0.0 0.0
99240113 李建明 0.0 0.0
99240108 张小明 0.0 0.0
20240712 张军丽 0.0 0.0
20240711 李军军 0.0 0.0
20240710 王小军 0.0 0.0
20240709 张华明 0.0 0.0
20240708 李小丽 0.0 0.0
20240707 王国华 0.0 0.0
20240706 张丽红 0.0 0.0
20230907 张建军 0.0 0.0
20230905 李丽华 0.0 0.0
55230014 李丽丽 0.0 0.0

46125 动物解剖学 必修  2.0 29 908.0 31.31 31.7 1.09 2019 11 0.38 2 0.07
99240119 李芳 0.0 0.0
99240118 王建军 0.0 0.0
99240117 张建华 0.0 0.0
99240116 李红红 0.0 0.0
99240115 王小红 0.0 0.0
99240114 张建华 0.0 0.0
99240112 王丽华 0.0 0.0
99240111 张美丽 0.0 0.0
99240109 王建明 0.0 0.0
99240106 王美华 0.0 0.0
99240107 李华丽 0.0 0.0
20240712 张军丽 0.0 0.0
20240710 王小军 0.0 0.0
20240708 李小丽 0.0 0.0
20240705 王华明 0.0 0.0
20230908 李明红 0.0 0.0
20230906 王小红 0.0 0.0
20230905 李丽华 0.0 0.0
55230019 王丽娟 81.0 0.0
55230016 王建华 78.0 3.0
55230015 张明明 91.0 4.0
55230014 李丽丽 86.0 3.7
55230013 王小丽 77.0 2.7
55230012 李国强 86.0 3.7
55230011 习尾气 77.0 2.7
55230010 王军华 89.0 3.7
55230009 李娟娟 76.0 2.7
55230005 董泰明 100.0 4.0
55230004 刘伟强 67.0 1.5

27869 分子生物学基础 必修  3.0 21 515.0 24.52 21.3 1.01 2020 6 0.29 1 0.05
99240120 张霞 0.0 0.0
99240119 李芳 0.0 0.0
99240118 王建军 0.0 0.0
99240117 张建华 0.0 0.0
99240115 王小红 0.0 0.0
99240114 张建华 0.0 0.0
99240112 王丽华 0.0 0.0
99240111 张美丽 0.0 0.0
99240108 张小明 0.0 0.0
20240712 张军丽 0.0 0.0
20240711 李军军 0.0 0.0
20240707 王国华 0.0 0.0
20240706 张丽红 0.0 0.0
20240705 王华明 0.0 0.0
20230910 张美华 0.0 0.0
55230017 刘小明 86.0 3.7
55230015 张明明 83.0 3.3
55230014 李丽丽 84.0 3.3
55230012 李国强 84.0 3.3
55230009 李娟娟 91.0 4.0
55230005 董泰明 87.0 3.7

45811 工程伦理 选修  1.5 30 1332.0 44.40 52.5 1.75 2020 16 0.53 2 0.07
99240119 李芳 0.0 0.0
99240117 张建华 0.0 0.0
99240116 李红红 0.0 0.0
99240115 王小红 0.0 0.0
99240114 张建华 0.0 0.0
20240712 张军丽 0.0 0.0
20240706 张丽红 0.0 0.0
20240705 王华明 0.0 0.0
20240704 李建华 0.0 0.0
20240703 张小军 65.0 1.5
20230908 李明红 0.0 0.0
20230907 张建军 0.0 0.0
20230906 王小红 0.0 0.0
20230905 李丽华 0.0 0.0
55230021 王云飞 79.0 3.0
55230020 李建军 0.0 0.0
55230019 王丽娟 89.0 3.7
55230018 张小红 89.0 3.7
55230017 刘小明 82.0 3.3
55230016 王建华 87.0 3.7
55230015 张明明 88.0 3.7
55230014 李丽丽 87.0 3.7
55230013 王小丽 79.0 3.0
55230012 李国强 85.0 3.7
55230011 习尾气 82.0 3.3
55230010 王军华 90.0 4.0
55230009 李娟娟 89.0 3.7
55230005 董泰明 79.0 3.0
55230089 刘翔 65.0 1.5
55230055 只因阔 97.0 4.0

43616 光基科技 选修  1.5 25 1100.0 44.00 45.0 1.80 2021 13 0.52 1 0.04
99240120 张霞 0.0 0.0
99240118 王建军 0.0 0.0
99240116 李红红 0.0 0.0
99240113 李建明 0.0 0.0
99240109 王建明 0.0 0.0
20240711 李军军 0.0 0.0
20240710 王小军 0.0 0.0
20240709 张华明 0.0 0.0
20240708 李小丽 0.0 0.0
20240703 张小军 89.0 3.7
20230908 李明红 0.0 0.0
20230907 张建军 0.0 0.0
55230021 王云飞 67.0 1.5
55230020 李建军 0.0 0.0
55230019 王丽娟 86.0 3.7
55230018 张小红 83.0 3.3
55230016 王建华 85.0 3.7
55230015 张明明 86.0 3.7
55230014 李丽丽 91.0 4.0
55230013 王小丽 82.0 3.3
55230012 李国强 89.0 3.7
55230008 段郎仆 89.0 3.7
55230007 李小明 82.0 3.3
55230006 王丽华 86.0 3.7
55230089 刘翔 85.0 3.7

60198 海洋微生物学 必修  2.5 14 0.0 0.00 0.0 0.00 2021 0 0.00 0 0.00
99240120 张霞 0.0 0.0
99240119 李芳 0.0 0.0
99240118 王建军 0.0 0.0
99240117 张建华 0.0 0.0
99240116 李红红 0.0 0.0
99240114 张建华 0.0 0.0
99240111 张美丽 0.0 0.0
99240109 王建明 0.0 0.0
99240108 张小明 0.0 0.0
99240105 张军明 0.0 0.0
20240711 李军军 0.0 0.0
20240708 李小丽 0.0 0.0
20240707 王国华 0.0 0.0
20230910 张美华 0.0 0.0

60198 海洋微生物学 必修  2.5 11 0.0 0.00 0.0 0.00 2023 0 0.00 0 0.00
99240115 王小红 0.0 0.0
99240113 李建明 0.0 0.0
99240107 李华丽 0.0 0.0
99240104 李小军 0.0 0.0
99240103 王小华 0.0 0.0
20240712 张军丽 0.0 0.0
20240710 王小军 0.0 0.0
20240709 张华明 0.0 0.0
20230906 王小红 0.0 0.0
20230905 李丽华 0.0 0.0
56230033 王红红 0.0 0.0

60198 海洋微生物学 必修  2.5 6 89.0 14.83 3.7 0.62 2022 1 0.17 0 0.00
99240112 王丽华 0.0 0.0
99240106 王美华 0.0 0.0
20240711 李军军 0.0 0.0
20240706 张丽红 0.0 0.0
20240704 李建华 0.0 0.0
55230004 刘伟强 89.0 3.7

23110 宏观经济学 必修  2.0 9 89.0 9.89 3.7 0.41 2021 1 1.00 0 0.00
99240111 张美丽 0.0 0.0
99240109 王建明 0.0 0.0
99240107 李华丽 0.0 0.0
99240105 张军明 0.0 0.0
99240104 李小军 0.0 0.0
20240707 王国华 0.0 0.0
20240706 张丽红 0.0 0.0
20230910 张美华 0.0 0.0
55230089 刘翔 89.0 3.7

23110 宏观经济学 必修  2.0 8 85.0 10.62 3.7 0.46 2020 1 0.12 0 0.00
99240113 李建明 0.0 0.0
99240106 王美华 0.0 0.0
99240108 张小明 0.0 0.0
20240709 张华明 0.0 0.0
20240708 李小丽 0.0 0.0
20240704 李建华 0.0 0.0
20230911 李小军 0.0 0.0
55230004 刘伟强 85.0 3.7

19373 基础物理学 必修  2.5 7 76.0 10.86 2.7 0.39 2020 1 1.00 0 0.00
99240109 王建明 0.0 0.0
99240106 王美华 0.0 0.0
20230910 张美华 0.0 0.0
20230911 李小军 0.0 0.0
20230905 李丽华 0.0 0.0
56230033 王红红 0.0 0.0
55230089 刘翔 76.0 2.7

29591 健美操 选修  2.0 10 74.0 7.40 2.3 0.23 2020 1 1.00 0 0.00
99240114 张建华 0.0 0.0
99240113 李建明 0.0 0.0
99240112 王丽华 0.0 0.0
99240105 张军明 0.0 0.0
99240104 李小军 0.0 0.0
99240103 王小华 0.0 0.0
20230910 张美华 0.0 0.0
20230911 李小军 0.0 0.0
56230033 王红红 0.0 0.0
55230055 只因阔 74.0 2.3

34942 结构化学 必修  2.5 5 0.0 0.00 0.0 0.00 2021 0 0.00 0 0.00
99240111 张美丽 0.0 0.0
99240107 李华丽 0.0 0.0
99240105 张军明 0.0 0.0
20230911 李小军 0.0 0.0
20230905 李丽华 0.0 0.0

34942 结构化学 必修  2.5 6 85.0 14.17 3.7 0.62 2022 1 1.00 0 0.00
99240106 王美华 0.0 0.0
99240104 李小军 0.0 0.0
99240103 王小华 0.0 0.0
20230912 王军明 0.0 0.0
56230033 王红红 0.0 0.0
55230089 刘翔 85.0 3.7

34942 结构力学 必修  3.0 2 0.0 0.00 0.0 0.00 2023 0 0.00 0 0.00
20230912 王军明 0.0 0.0
56230031 张建国 0.0 0.0

26306 精神病学 必修  2.5 8 97.0 12.12 4.0 0.50 2021 1 1.00 1 1.00
99240107 李华丽 0.0 0.0
99240104 李小军 0.0 0.0
99240103 王小华 0.0 0.0
20230912 王军明 0.0 0.0
20230911 李小军 0.0 0.0
56230033 王红红 0.0 0.0
56230031 张建国 0.0 0.0
55230001 杜静 97.0 4.0

29019 考古发现与中国文化 选修  1.5 5 0.0 0.00 0.0 0.00 2019 0 -nan(ind) 0 -nan(ind)
99240105 张军明 0.0 0.0
99240103 王小华 0.0 0.0
20230911 李小军 0.0 0.0
56230033 王红红 0.0 0.0
56230031 张建国 0.0 0.0

51020 离散数学 必修  2.5 4 86.0 21.50 3.7 0.93 2023 1 1.00 0 0.00
20230912 王军明 0.0 0.0
56230033 王红红 0.0 0.0
56230031 张建国 0.0 0.0
55230089 刘翔 86.0 3.7

51020 离散数学 必修  2.5 2 0.0 0.00 0.0 0.00 2019 0 0.00 0 0.00
20230912 王军明 0.0 0.0
20230911 李小军 0.0 0.0

51020 离散数学 必修  2.5 0 0.0 0.00 0.0 0.00 2020 0 0.00 0 0.00

13791 流行病学基础 必修  2.5 2 67.0 33.50 1.5 0.75 2022 1 1.00 0 0.00
56230031 张建国 0.0 0.0
55230055 只因阔 67.0 1.5

13791 流行病学基础 必修  2.5 2 178.5 89.25 4.0 2.00 2021 2 1.00 1 1.00
55230002 张美丽 80.5 0.0
55230001 杜静 98.0 4.0

13791 流行病学基础 必修  2.5 0 0.0 0.00 0.0 0.00 2020 0 0.00 0 0.00

16891 马克思主义基本原理 选修  1.0 2 96.0 48.00 4.0 2.00 2023 1 1.00 1 1.00
56230031 张建国 0.0 0.0
55230001 杜静 96.0 4.0

14293 人工智能与信息社会 选修  2.5 2 157.0 78.50 5.5 2.75 2019 2 1.00 1 0.50
55230001 杜静 93.0 4.0
55230055 只因阔 64.0 1.5

37843 韧性城市生态规划 选修  1.5 3 180.3 60.10 7.7 2.57 2020 2 1.00 1 1.00
56230031 张建国 0.0 0.0
55230002 张美丽 86.3 3.7
55230001 杜静 94.0 4.0

49876 软件工程 必修  2.5 3 78.0 26.00 3.0 1.00 2022 1 1.00 0 0.00
56230032 李晓华 0.0 0.0
56230031 张建国 0.0 0.0
55230089 刘翔 78.0 3.0

49876 软件工程 必修  2.5 1 84.0 84.00 3.3 3.30 2021 1 1.00 0 0.00
55230055 只因阔 84.0 3.3

46166 食品微观世界 选修  1.5 2 93.0 46.50 4.0 2.00 2021 1 1.00 1 1.00
56230032 李晓华 0.0 0.0
55230001 杜静 93.0 4.0

34034 兽医药理学 必修  2.5 1 0.0 0.00 0.0 0.00 2021 0 0.00 0 0.00
56230034 张小丽 0.0 0.0

35700 蔬菜栽培学 必修  2.0 0 0.0 0.00 0.0 0.00 2021 0 0.00 0 0.00

52988 数据结构与算法 必修  2.5 1 0.0 0.00 0.0 0.00 2021 0 0.00 0 0.00
56230034 张小丽 0.0 0.0

52988 数据结构与算法 必修  2.5 2 0.0 0.00 0.0 0.00 2020 0 0.00 0 0.00
56230032 李晓华 0.0 0.0
56230030 王小明 0.0 0.0

41252 数值分析方法 选修  1.5 4 0.0 0.00 0.0 0.00 2021 0 0.00 0 0.00
56230034 张小丽 0.0 0.0
56230032 李晓华 0.0 0.0
56230029 李军明 0.0 0.0
56230022 王小华 0.0 0.0

19179 数字逻辑电路 必修  2.0 13 83.6 6.43 3.3 0.25 2019 1 1.00 0 0.00
56230034 张小丽 0.0 0.0
56230030 王小明 0.0 0.0
56230029 李军明 0.0 0.0
56230028 王丽丽 0.0 0.0
56230027 张军华 0.0 0.0
56230026 李小华 0.0 0.0
56230025 王美丽 0.0 0.0
56230024 张明华 0.0 0.0
56230023 李国明 0.0 0.0
56230022 王小华 0.0 0.0
56230021 张文华 0.0 0.0
56230020 李晓丽 0.0 0.0
55230002 张美丽 83.6 3.3

13406 线性代数 必修  2.5 2 154.0 77.00 5.2 2.60 2023 2 1.00 0 0.00
55230002 张美丽 67.0 1.5
55230089 刘翔 87.0 3.7

13406 线性代数 必修  2.5 3 75.0 25.00 2.7 0.90 2020 1 1.00 0 0.00
56230032 李晓华 0.0 0.0
56230030 王小明 0.0 0.0
55230055 只因阔 75.0 2.7

13406 线性代数 必修  2.5 11 0.0 0.00 0.0 0.00 2019 0 0.00 0 0.00
56230034 张小丽 0.0 0.0
56230029 李军明 0.0 0.0
56230028 王丽丽 0.0 0.0
56230027 张军华 0.0 0.0
56230026 李小华 0.0 0.0
56230025 王美丽 0.0 0.0
56230024 张明华 0.0 0.0
56230023 李国明 0.0 0.0
56230022 王小华 0.0 0.0
56230021 张文华 0.0 0.0
56230020 李晓丽 0.0 0.0

41303 形势与政策 选修  1.0 15 162.0 10.80 6.0 0.40 2023 2 1.00 0 0.00
56230034 张小丽 0.0 0.0
56230032 李晓华 0.0 0.0
56230030 王小明 0.0 0.0
56230029 李军明 0.0 0.0
56230028 王丽丽 0.0 0.0
56230027 张军华 0.0 0.0
56230026 李小华 0.0 0.0
56230025 王美丽 0.0 0.0
56230024 张明华 0.0 0.0
56230023 李国明 0.0 0.0
56230022 王小华 0.0 0.0
56230021 张文华 0.0 0.0
56230020 李晓丽 0.0 0.0
55230002 张美丽 73.0 2.3
55230001 杜静 89.0 3.7

22951 语言学概论 选修  1.5 11 0.0 0.00 0.0 0.00 2020 0 0.00 0 0.00
56230030 王小明 0.0 0.0
56230029 李军明 0.0 0.0
56230028 王丽丽 0.0 0.0
56230027 张军华 0.0 0.0
56230026 李小华 0.0 0.0
56230025 王美丽 0.0 0.0
56230024 张明华 0.0 0.0
56230023 李国明 0.0 0.0
56230022 王小华 0.0 0.0
56230021 张文华 0.0 0.0
56230020 李晓丽 0.0 0.0

44030 运营管理与分析 选修  1.5 12 73.0 6.08 2.3 0.19 2020 1 1.00 0 0.00
56230030 王小明 0.0 0.0
56230029 李军明 0.0 0.0
56230028 王丽丽 0.0 0.0
56230027 张军华 0.0 0.0
56230026 李小华 0.0 0.0
56230025 王美丽 0.0 0.0
56230024 张明华 0.0 0.0
56230023 李国明 0.0 0.0
56230022 王小华 0.0 0.0
56230021 张文华 0.0 0.0
56230020 李晓丽 0.0 0.0
55230002 张美丽 73.0 2.3

13738 中国当代文学 选修  1.5 12 0.0 0.00 0.0 0.00 2023 0 0.00 0 0.00
56230034 张小丽 0.0 0.0
56230030 王小明 0.0 0.0
56230029 李军明 0.0 0.0
56230028 王丽丽 0.0 0.0
56230027 张军华 0.0 0.0
56230026 李小华 0.0 0.0
56230025 王美丽 0.0 0.0
56230024 张明华 0.0 0.0
56230023 李国明 0.0 0.0
56230022 王小华 0.0 0.0
56230021 张文华 0.0 0.0
56230020 李晓丽 0.0 0.0

16018 中国近代史纲要 选修  1.0 12 99.8 8.32 4.0 0.33 2020 1 1.00 1 1.00
56230030 王小明 0.0 0.0
56230029 李军明 0.0 0.0
56230028 王丽丽 0.0 0.0
56230027 张军华 0.0 0.0
56230026 李小华 0.0 0.0
56230025 王美丽 0.0 0.0
56230024 张明华 0.0 0.0
56230023 李国明 0.0 0.0
56230022 王小华 0.0 0.0
56230021 张文华 0.0 0.0
56230020 李晓丽 0.0 0.0
55230001 杜静 99.8 4.0

29404 中国土地制度 选修  2.0 11 0.0 0.00 0.0 0.00 2023 0 0.00 0 0.00
56230030 王小明 0.0 0.0
56230029 李军明 0.0 0.0
56230028 王丽丽 0.0 0.0
56230027 张军华 0.0 0.0
56230026 李小华 0.0 0.0
56230025 王美丽 0.0 0.0
56230024 张明华 0.0 0.0
56230023 李国明 0.0 0.0
56230022 王小华 0.0 0.0
56230021 张文华 0.0 0.0
56230020 李晓丽 0.0 0.0

35580 组合优化 选修  2.0 11 0.0 0.00 0.0 0.00 2022 0 0.00 0 0.00
56230030 王小明 0.0 0.0
56230029 李军明 0.0 0.0
56230028 王丽丽 0.0 0.0
56230027 张军华 0.0 0.0
56230026 李小华 0.0 0.0
56230025 王美丽 0.0 0.0
56230024 张明华 0.0 0.0
56230023 李国明 0.0 0.0
56230022 王小华 0.0 0.0
56230021 张文华 0.0 0.0
56230020 李晓丽 0.0 0.0

