55230055 只因阔 0 2023 软件学院 数据科学与大数据技术 软件学院 数据科学与大数据技术 55230055 79.95 2.4000 79.95 2.4000
14293 人工智能与信息社会 64.0 2019 0 2.5 1.5
13406 线性代数 75.0 2020 1 2.5 2.7
47539 电磁学 86.0 2020 1 3.0 3.7
29591 健美操 74.0 2020 0 2.0 2.3
45811 工程伦理 97.0 2020 0 1.5 4.0
25051 c#课程设计 87.0 2020 1 2.0 3.7
49876 软件工程 84.0 2021 1 2.5 3.3
13791 流行病学基础 67.0 2022 1 2.5 1.5
41543 Rvfpga课程 99.0 2023 0 1.5 4.0



55230089 刘翔 0 2023 软件学院 软件工程 软件学院 软件工程 55230089 81.89 2.8276 81.89 2.8276
19373 基础物理学 76.0 2020 1 2.5 2.7
45811 工程伦理 65.0 2020 0 1.5 1.5
23110 宏观经济学 89.0 2020 1 2.0 3.7
43616 光基科技 85.0 2021 0 1.5 3.7
34942 结构化学 85.0 2022 1 2.5 3.7
49876 软件工程 78.0 2022 1 2.5 3.0
51020 离散数学 86.0 2023 1 2.5 3.7
13406 线性代数 87.0 2023 1 2.5 3.7



55230001 杜静 0 2023 软件学院 软件工程 软件学院 软件工程 55230001 94.34 4.0000 94.34 4.0000
14293 人工智能与信息社会 93.0 2019 0 2.5 4.0
16018 中国近代史纲要 99.8 2020 0 1.0 4.0
37843 韧性城市生态规划 94.0 2020 0 1.5 4.0
13791 流行病学基础 98.0 2021 1 2.5 4.0
46166 食品微观世界 93.0 2021 0 1.5 4.0
26306 精神病学 97.0 2021 1 2.5 4.0
34942 结构化学 90.5 2022 1 2.5 4.0
16891 马克思主义基本原理 96.0 2023 0 1.0 4.0
41303 形势与政策 89.0 2023 0 1.0 3.7



55230002 张美丽 1 2023 软件学院 软件工程 软件学院 软件工程 55230002 76.82 1.2143 76.82 1.2143
19179 数字逻辑电路 83.6 2019 1 2.0 3.3
44030 运营管理与分析 73.0 2020 0 1.5 2.3
37843 韧性城市生态规划 86.3 2020 0 1.5 3.7
13791 流行病学基础 80.5 2021 1 2.5 0.0
13406 线性代数 67.0 2023 1 2.5 1.5
41303 形势与政策 73.0 2023 0 1.0 2.3



55230003 王文静 1 2023 软件学院 软件工程 软件学院 软件工程 55230003 0.00 0.0000 0.00 0.0000



55230004 刘伟强 0 2023 软件学院 软件工程 软件学院 软件工程 55230004 78.42 2.6190 78.42 2.6190
46125 动物解剖学 67.0 2019 1 2.0 1.5
25051 c#课程设计 79.0 2020 1 2.0 3.0
23110 宏观经济学 85.0 2020 1 2.0 3.7
60198 海洋微生物学 89.0 2022 1 2.5 3.7
23899 Java课程设计 78.0 2023 1 2.0 3.0
41543 Rvfpga课程 67.0 2023 0 1.5 1.5



55230005 董泰明 1 2023 软件学院 软件工程 软件学院 软件工程 55230005 83.83 2.9655 83.83 2.9655
46125 动物解剖学 100.0 2019 1 2.0 4.0
25051 c#课程设计 68.0 2020 1 2.0 2.0
45811 工程伦理 79.0 2020 0 1.5 3.0
27869 分子生物学基础 87.0 2020 1 3.0 3.7
44584 材料力学 77.0 2022 1 2.5 2.7
39913 电路与模拟电子实验 83.0 2022 1 3.0 3.3
23899 Java课程设计 92.0 2023 1 2.0 4.0
41543 Rvfpga课程 84.0 2023 0 1.5 3.3



55230006 王丽华 0 2023 软件学院 软件工程 软件学院 软件工程 55230006 85.05 3.0000 85.05 3.0000
25051 c#课程设计 75.0 2020 1 2.0 2.7
43616 光基科技 86.0 2021 0 1.5 3.7
39913 电路与模拟电子实验 88.0 2022 1 3.0 3.7
23899 Java课程设计 93.0 2023 1 2.0 4.0
41543 Rvfpga课程 81.0 2023 0 1.5 0.0



55230007 李小明 1 2023 软件学院 软件工程 软件学院 软件工程 55230007 89.15 3.4286 89.15 3.4286
25051 c#课程设计 89.0 2020 1 2.0 3.7
43616 光基科技 82.0 2021 0 1.5 3.3
39913 电路与模拟电子实验 91.0 2022 1 3.0 4.0
23899 Java课程设计 89.0 2023 1 2.0 3.7
41543 Rvfpga课程 93.0 2023 0 1.5 4.0



55230008 段郎仆 0 2023 软件学院 软件工程 软件学院 软件工程 55230008 79.00 2.0000 79.00 2.0000
25051 c#课程设计 67.0 2020 1 2.0 1.5
43616 光基科技 89.0 2021 0 1.5 3.7
39913 电路与模拟电子实验 77.0 2022 1 3.0 2.7
41543 Rvfpga课程 81.0 2023 0 1.5 0.0
23899 Java课程设计 85.0 2023 1 2.0 3.7



55230009 李娟娟 1 2023 软件学院 软件工程 软件学院 软件工程 55230009 85.10 3.0833 85.10 3.0833
46125 动物解剖学 76.0 2019 1 2.0 2.7
45811 工程伦理 89.0 2020 0 1.5 3.7
27869 分子生物学基础 91.0 2020 1 3.0 4.0
25051 c#课程设计 82.0 2020 1 2.0 3.3
39913 电路与模拟电子实验 87.0 2022 1 3.0 3.7
41543 Rvfpga课程 90.0 2023 0 1.5 4.0
23899 Java课程设计 79.0 2023 1 2.0 3.0



55230010 王军华 1 2023 软件学院 软件工程 软件学院 软件工程 55230010 88.04 3.3333 88.04 3.3333
46125 动物解剖学 89.0 2019 1 2.0 3.7
25051 c#课程设计 88.0 2020 1 2.0 3.7
45811 工程伦理 90.0 2020 0 1.5 4.0
39913 电路与模拟电子实验 91.0 2022 1 3.0 4.0
23899 Java课程设计 82.0 2023 1 2.0 3.3
41543 Rvfpga课程 87.0 2023 0 1.5 3.7



55230011 习尾气 0 2023 软件学院 软件工程 软件学院 软件工程 55230011 85.21 3.0000 85.21 3.0000
46125 动物解剖学 77.0 2019 1 2.0 2.7
45811 工程伦理 82.0 2020 0 1.5 3.3
25051 c#课程设计 84.0 2020 1 2.0 3.3
39913 电路与模拟电子实验 87.0 2022 1 3.0 3.7
41543 Rvfpga课程 91.0 2023 0 1.5 4.0
23899 Java课程设计 90.0 2023 1 2.0 4.0



55230012 李国强 1 2023 软件学院 软件工程 软件学院 软件工程 55230012 85.24 2.8333 85.24 2.8333
46125 动物解剖学 86.0 2019 1 2.0 3.7
45811 工程伦理 85.0 2020 0 1.5 3.7
27869 分子生物学基础 84.0 2020 1 3.0 3.3
25051 c#课程设计 77.0 2020 1 2.0 2.7
43616 光基科技 89.0 2021 0 1.5 3.7
39913 电路与模拟电子实验 88.0 2022 1 3.0 3.7
41543 Rvfpga课程 89.0 2023 0 1.5 3.7
23899 Java课程设计 85.0 2023 1 2.0 3.7



55230013 王小丽 0 2023 软件学院 软件工程 软件学院 软件工程 55230013 84.07 2.7778 84.07 2.7778
46125 动物解剖学 77.0 2019 1 2.0 2.7
25051 c#课程设计 89.0 2020 1 2.0 3.7
45811 工程伦理 79.0 2020 0 1.5 3.0
43616 光基科技 82.0 2021 0 1.5 3.3
39913 电路与模拟电子实验 85.0 2022 1 3.0 3.7
23899 Java课程设计 88.0 2023 1 2.0 3.7
41543 Rvfpga课程 87.0 2023 0 1.5 3.7



55230014 李丽丽 1 2023 软件学院 软件工程 软件学院 软件工程 55230014 87.41 3.0000 87.41 3.0000
46125 动物解剖学 86.0 2019 1 2.0 3.7
25051 c#课程设计 89.0 2020 1 2.0 3.7
27869 分子生物学基础 84.0 2020 1 3.0 3.3
45811 工程伦理 87.0 2020 0 1.5 3.7
43616 光基科技 91.0 2021 0 1.5 4.0
23899 Java课程设计 88.0 2023 1 2.0 3.7
41543 Rvfpga课程 90.0 2023 0 1.5 4.0



55230015 张明明 0 2023 软件学院 软件工程 软件学院 软件工程 55230015 88.67 3.5833 88.67 3.5833
46125 动物解剖学 91.0 2019 1 2.0 4.0
25051 c#课程设计 87.0 2020 1 2.0 3.7
27869 分子生物学基础 83.0 2020 1 3.0 3.3
45811 工程伦理 88.0 2020 0 1.5 3.7
43616 光基科技 86.0 2021 0 1.5 3.7
39913 电路与模拟电子实验 93.0 2022 1 3.0 4.0
23899 Java课程设计 90.0 2023 1 2.0 4.0
41543 Rvfpga课程 92.0 2023 0 1.5 4.0



55230016 王建华 1 2023 软件学院 软件工程 软件学院 软件工程 55230016 85.48 3.3333 85.48 3.3333
46125 动物解剖学 78.0 2019 1 2.0 3.0
25051 c#课程设计 84.0 2020 1 2.0 3.3
45811 工程伦理 87.0 2020 0 1.5 3.7
43616 光基科技 85.0 2021 0 1.5 3.7
39913 电路与模拟电子实验 90.0 2022 1 3.0 4.0
23899 Java课程设计 88.0 2023 1 2.0 3.7
41543 Rvfpga课程 84.0 2023 0 1.5 3.3



55230017 刘小明 0 2023 软件学院 软件工程 软件学院 软件工程 55230017 85.88 3.3000 85.88 3.3000
27869 分子生物学基础 86.0 2020 1 3.0 3.7
45811 工程伦理 82.0 2020 0 1.5 3.3
25051 c#课程设计 85.0 2020 1 2.0 3.7
39913 电路与模拟电子实验 90.0 2022 1 3.0 4.0
41543 Rvfpga课程 81.0 2023 0 1.5 0.0
23899 Java课程设计 87.0 2023 1 2.0 3.7



55230018 张小红 1 2023 软件学院 软件工程 软件学院 软件工程 55230018 85.39 3.0000 85.39 3.0000
45811 工程伦理 89.0 2020 0 1.5 3.7
25051 c#课程设计 82.0 2020 1 2.0 3.3
43616 光基科技 83.0 2021 0 1.5 3.3
39913 电路与模拟电子实验 87.0 2022 1 3.0 3.7
41543 Rvfpga课程 86.0 2023 0 1.5 3.7
23899 Java课程设计 85.0 2023 1 2.0 3.7



55230019 王丽娟 0 2023 软件学院 软件工程 软件学院 软件工程 55230019 82.96 2.0000 82.96 2.0000
46125 动物解剖学 81.0 2019 1 2.0 0.0
45811 工程伦理 89.0 2020 0 1.5 3.7
25051 c#课程设计 88.0 2020 1 2.0 3.7
43616 光基科技 86.0 2021 0 1.5 3.7
39913 电路与模拟电子实验 75.0 2022 1 3.0 2.7
41543 Rvfpga课程 87.0 2023 0 1.5 3.7
23899 Java课程设计 82.0 2023 1 2.0 3.3



55230020 李建军 1 2023 软件学院 软件工程 软件学院 软件工程 55230020 0.00 0.0000 0.00 0.0000
25051 c#课程设计 0.0 2020 1 2.0 0.0
23899 Java课程设计 0.0 2023 1 2.0 0.0
41543 Rvfpga课程 0.0 2023 0 1.5 0.0
44584 材料力学 0.0 2022 1 2.5 0.0
47539 电磁学 0.0 2020 1 3.0 0.0
39913 电路与模拟电子实验 0.0 2022 1 3.0 0.0
45811 工程伦理 0.0 2020 0 1.5 0.0
43616 光基科技 0.0 2021 0 1.5 0.0



55230021 王云飞 0 2023 软件学院 软件工程 软件学院 软件工程 55230021 81.52 2.7143 81.52 2.7143
45811 工程伦理 79.0 2020 0 1.5 3.0
25051 c#课程设计 75.0 2020 1 2.0 2.7
43616 光基科技 67.0 2021 0 1.5 1.5
39913 电路与模拟电子实验 87.0 2022 1 3.0 3.7
41543 Rvfpga课程 89.0 2023 0 1.5 3.7
23899 Java课程设计 87.0 2023 1 2.0 3.7



56230020 李晓丽 1 2023 软件学院 数据科学与大数据技术 软件学院 数据科学与大数据技术 56230020 0.00 0.0000 0.00 0.0000
35580 组合优化 0.0 2022 0 2.0 0.0
29404 中国土地制度 0.0 2023 0 2.0 0.0
16018 中国近代史纲要 0.0 2020 0 1.0 0.0
13738 中国当代文学 0.0 2023 0 1.5 0.0
44030 运营管理与分析 0.0 2020 0 1.5 0.0
22951 语言学概论 0.0 2020 0 1.5 0.0
41303 形势与政策 0.0 2023 0 1.0 0.0
13406 线性代数 0.0 2019 1 2.5 0.0
19179 数字逻辑电路 0.0 2019 1 2.0 0.0



56230021 张文华 0 2023 软件学院 数据科学与大数据技术 软件学院 数据科学与大数据技术 56230021 0.00 0.0000 0.00 0.0000
35580 组合优化 0.0 2022 0 2.0 0.0
29404 中国土地制度 0.0 2023 0 2.0 0.0
16018 中国近代史纲要 0.0 2020 0 1.0 0.0
13738 中国当代文学 0.0 2023 0 1.5 0.0
44030 运营管理与分析 0.0 2020 0 1.5 0.0
22951 语言学概论 0.0 2020 0 1.5 0.0
41303 形势与政策 0.0 2023 0 1.0 0.0
13406 线性代数 0.0 2019 1 2.5 0.0
19179 数字逻辑电路 0.0 2019 1 2.0 0.0



56230022 王小华 1 2023 软件学院 数据科学与大数据技术 软件学院 数据科学与大数据技术 56230022 0.00 0.0000 0.00 0.0000
35580 组合优化 0.0 2022 0 2.0 0.0
29404 中国土地制度 0.0 2023 0 2.0 0.0
16018 中国近代史纲要 0.0 2020 0 1.0 0.0
13738 中国当代文学 0.0 2023 0 1.5 0.0
44030 运营管理与分析 0.0 2020 0 1.5 0.0
22951 语言学概论 0.0 2020 0 1.5 0.0
41303 形势与政策 0.0 2023 0 1.0 0.0
13406 线性代数 0.0 2019 1 2.5 0.0
19179 数字逻辑电路 0.0 2019 1 2.0 0.0
41252 数值分析方法 0.0 2021 0 1.5 0.0



56230023 李国明 0 2023 软件学院 数据科学与大数据技术 软件学院 数据科学与大数据技术 56230023 0.00 0.0000 0.00 0.0000
35580 组合优化 0.0 2022 0 2.0 0.0
29404 中国土地制度 0.0 2023 0 2.0 0.0
16018 中国近代史纲要 0.0 2020 0 1.0 0.0
13738 中国当代文学 0.0 2023 0 1.5 0.0
44030 运营管理与分析 0.0 2020 0 1.5 0.0
22951 语言学概论 0.0 2020 0 1.5 0.0
41303 形势与政策 0.0 2023 0 1.0 0.0
13406 线性代数 0.0 2019 1 2.5 0.0
19179 数字逻辑电路 0.0 2019 1 2.0 0.0



56230024 张明华 1 2023 软件学院 数据科学与大数据技术 软件学院 数据科学与大数据技术 56230024 0.00 0.0000 0.00 0.0000
35580 组合优化 0.0 2022 0 2.0 0.0
29404 中国土地制度 0.0 2023 0 2.0 0.0
16018 中国近代史纲要 0.0 2020 0 1.0 0.0
13738 中国当代文学 0.0 2023 0 1.5 0.0
44030 运营管理与分析 0.0 2020 0 1.5 0.0
22951 语言学概论 0.0 2020 0 1.5 0.0
41303 形势与政策 0.0 2023 0 1.0 0.0
13406 线性代数 0.0 2019 1 2.5 0.0
19179 数字逻辑电路 0.0 2019 1 2.0 0.0



56230025 王美丽 0 2023 软件学院 数据科学与大数据技术 软件学院 数据科学与大数据技术 56230025 0.00 0.0000 0.00 0.0000
35580 组合优化 0.0 2022 0 2.0 0.0
29404 中国土地制度 0.0 2023 0 2.0 0.0
16018 中国近代史纲要 0.0 2020 0 1.0 0.0
13738 中国当代文学 0.0 2023 0 1.5 0.0
44030 运营管理与分析 0.0 2020 0 1.5 0.0
22951 语言学概论 0.0 2020 0 1.5 0.0
41303 形势与政策 0.0 2023 0 1.0 0.0
13406 线性代数 0.0 2019 1 2.5 0.0
19179 数字逻辑电路 0.0 2019 1 2.0 0.0



56230026 李小华 1 2023 软件学院 数据科学与大数据技术 软件学院 数据科学与大数据技术 56230026 0.00 0.0000 0.00 0.0000
35580 组合优化 0.0 2022 0 2.0 0.0
16018 中国近代史纲要 0.0 2020 0 1.0 0.0
29404 中国土地制度 0.0 2023 0 2.0 0.0
13738 中国当代文学 0.0 2023 0 1.5 0.0
22951 语言学概论 0.0 2020 0 1.5 0.0
44030 运营管理与分析 0.0 2020 0 1.5 0.0
41303 形势与政策 0.0 2023 0 1.0 0.0
13406 线性代数 0.0 2019 1 2.5 0.0
19179 数字逻辑电路 0.0 2019 1 2.0 0.0



56230027 张军华 0 2023 软件学院 数据科学与大数据技术 软件学院 数据科学与大数据技术 56230027 0.00 0.0000 0.00 0.0000
35580 组合优化 0.0 2022 0 2.0 0.0
29404 中国土地制度 0.0 2023 0 2.0 0.0
16018 中国近代史纲要 0.0 2020 0 1.0 0.0
13738 中国当代文学 0.0 2023 0 1.5 0.0
44030 运营管理与分析 0.0 2020 0 1.5 0.0
22951 语言学概论 0.0 2020 0 1.5 0.0
41303 形势与政策 0.0 2023 0 1.0 0.0
13406 线性代数 0.0 2019 1 2.5 0.0
19179 数字逻辑电路 0.0 2019 1 2.0 0.0



56230028 王丽丽 1 2023 软件学院 数据科学与大数据技术 软件学院 数据科学与大数据技术 56230028 0.00 0.0000 0.00 0.0000
29404 中国土地制度 0.0 2023 0 2.0 0.0
35580 组合优化 0.0 2022 0 2.0 0.0
16018 中国近代史纲要 0.0 2020 0 1.0 0.0
13738 中国当代文学 0.0 2023 0 1.5 0.0
44030 运营管理与分析 0.0 2020 0 1.5 0.0
22951 语言学概论 0.0 2020 0 1.5 0.0
13406 线性代数 0.0 2019 1 2.5 0.0
41303 形势与政策 0.0 2023 0 1.0 0.0
19179 数字逻辑电路 0.0 2019 1 2.0 0.0



56230029 李军明 0 2023 软件学院 数据科学与大数据技术 软件学院 数据科学与大数据技术 56230029 0.00 0.0000 0.00 0.0000
35580 组合优化 0.0 2022 0 2.0 0.0
29404 中国土地制度 0.0 2023 0 2.0 0.0
16018 中国近代史纲要 0.0 2020 0 1.0 0.0
13738 中国当代文学 0.0 2023 0 1.5 0.0
44030 运营管理与分析 0.0 2020 0 1.5 0.0
22951 语言学概论 0.0 2020 0 1.5 0.0
41303 形势与政策 0.0 2023 0 1.0 0.0
13406 线性代数 0.0 2019 1 2.5 0.0
41252 数值分析方法 0.0 2021 0 1.5 0.0
19179 数字逻辑电路 0.0 2019 1 2.0 0.0



56230030 王小明 1 2023 软件学院 数据科学与大数据技术 软件学院 数据科学与大数据技术 56230030 0.00 0.0000 0.00 0.0000
35580 组合优化 0.0 2022 0 2.0 0.0
29404 中国土地制度 0.0 2023 0 2.0 0.0
16018 中国近代史纲要 0.0 2020 0 1.0 0.0
13738 中国当代文学 0.0 2023 0 1.5 0.0
44030 运营管理与分析 0.0 2020 0 1.5 0.0
22951 语言学概论 0.0 2020 0 1.5 0.0
41303 形势与政策 0.0 2023 0 1.0 0.0
13406 线性代数 0.0 2020 1 2.5 0.0
19179 数字逻辑电路 0.0 2019 1 2.0 0.0
52988 数据结构与算法 0.0 2020 1 2.5 0.0



56230031 张建国 0 2023 软件学院 数据科学与大数据技术 软件学院 数据科学与大数据技术 56230031 0.00 0.0000 0.00 0.0000
29019 考古发现与中国文化 0.0 2019 0 1.5 0.0
26306 精神病学 0.0 2021 1 2.5 0.0
34942 结构力学 0.0 2023 1 3.0 0.0
51020 离散数学 0.0 2023 1 2.5 0.0
13791 流行病学基础 0.0 2022 1 2.5 0.0
16891 马克思主义基本原理 0.0 2023 0 1.0 0.0
37843 韧性城市生态规划 0.0 2020 0 1.5 0.0
49876 软件工程 0.0 2022 1 2.5 0.0



56230032 李晓华 1 2023 软件学院 数据科学与大数据技术 软件学院 数据科学与大数据技术 56230032 0.00 0.0000 0.00 0.0000
41303 形势与政策 0.0 2023 0 1.0 0.0
13406 线性代数 0.0 2020 1 2.5 0.0
41252 数值分析方法 0.0 2021 0 1.5 0.0
52988 数据结构与算法 0.0 2020 1 2.5 0.0
46166 食品微观世界 0.0 2021 0 1.5 0.0
49876 软件工程 0.0 2022 1 2.5 0.0



56230033 王红红 0 2023 软件学院 数据科学与大数据技术 软件学院 数据科学与大数据技术 56230033 0.00 0.0000 0.00 0.0000
60198 海洋微生物学 0.0 2022 1 2.5 0.0
29591 健美操 0.0 2020 0 2.0 0.0
19373 基础物理学 0.0 2020 1 2.5 0.0
34942 结构化学 0.0 2022 1 2.5 0.0
26306 精神病学 0.0 2021 1 2.5 0.0
29019 考古发现与中国文化 0.0 2019 0 1.5 0.0
51020 离散数学 0.0 2023 1 2.5 0.0



56230034 张小丽 1 2023 软件学院 数据科学与大数据技术 软件学院 数据科学与大数据技术 56230034 0.00 0.0000 0.00 0.0000
13738 中国当代文学 0.0 2023 0 1.5 0.0
41303 形势与政策 0.0 2023 0 1.0 0.0
13406 线性代数 0.0 2019 1 2.5 0.0
19179 数字逻辑电路 0.0 2019 1 2.0 0.0
41252 数值分析方法 0.0 2021 0 1.5 0.0
52988 数据结构与算法 0.0 2021 1 2.5 0.0
34034 兽医药理学 0.0 2021 1 2.5 0.0



20230905 李丽华 0 2023 物理学院 应用物理学 物理学院 应用物理学 20230905 0.00 0.0000 0.00 0.0000
47539 电磁学 0.0 2020 1 3.0 0.0
39913 电路与模拟电子实验 0.0 2022 1 3.0 0.0
46125 动物解剖学 0.0 2019 1 2.0 0.0
45811 工程伦理 0.0 2020 0 1.5 0.0
60198 海洋微生物学 0.0 2022 1 2.5 0.0
19373 基础物理学 0.0 2020 1 2.5 0.0
34942 结构化学 0.0 2021 1 2.5 0.0



20230906 王小红 1 2023 物理学院 应用物理学 物理学院 应用物理学 20230906 0.00 0.0000 0.00 0.0000
44584 材料力学 0.0 2022 1 2.5 0.0
47539 电磁学 0.0 2020 1 3.0 0.0
39913 电路与模拟电子实验 0.0 2022 1 3.0 0.0
46125 动物解剖学 0.0 2019 1 2.0 0.0
45811 工程伦理 0.0 2020 0 1.5 0.0
60198 海洋微生物学 0.0 2022 1 2.5 0.0



20230907 张建军 0 2023 物理学院 应用物理学 物理学院 应用物理学 20230907 0.00 0.0000 0.00 0.0000
44584 材料力学 0.0 2022 1 2.5 0.0
47539 电磁学 0.0 2020 1 3.0 0.0
39913 电路与模拟电子实验 0.0 2022 1 3.0 0.0
45811 工程伦理 0.0 2020 0 1.5 0.0
43616 光基科技 0.0 2021 0 1.5 0.0



20230908 李明红 1 2023 物理学院 应用物理学 物理学院 应用物理学 20230908 0.00 0.0000 0.00 0.0000
47539 电磁学 0.0 2020 1 3.0 0.0
44584 材料力学 0.0 2022 1 2.5 0.0
39913 电路与模拟电子实验 0.0 2022 1 3.0 0.0
46125 动物解剖学 0.0 2019 1 2.0 0.0
45811 工程伦理 0.0 2020 0 1.5 0.0
43616 光基科技 0.0 2021 0 1.5 0.0



20230909 王华丽 0 2023 物理学院 应用物理学 物理学院 应用物理学 20230909 0.00 0.0000 0.00 0.0000



20230910 张美华 1 2023 物理学院 应用物理学 物理学院 应用物理学 20230910 0.00 0.0000 0.00 0.0000
60198 海洋微生物学 0.0 2022 1 2.5 0.0
23110 宏观经济学 0.0 2020 1 2.0 0.0
19373 基础物理学 0.0 2020 1 2.5 0.0
29591 健美操 0.0 2020 0 2.0 0.0
27869 分子生物学基础 0.0 2020 1 3.0 0.0
39913 电路与模拟电子实验 0.0 2022 1 3.0 0.0
47539 电磁学 0.0 2020 1 3.0 0.0



20230911 李小军 0 2023 物理学院 应用物理学 物理学院 应用物理学 20230911 0.00 0.0000 0.00 0.0000
23110 宏观经济学 0.0 2020 1 2.0 0.0
19373 基础物理学 0.0 2020 1 2.5 0.0
29591 健美操 0.0 2020 0 2.0 0.0
34942 结构化学 0.0 2021 1 2.5 0.0
26306 精神病学 0.0 2021 1 2.5 0.0
29019 考古发现与中国文化 0.0 2019 0 1.5 0.0
51020 离散数学 0.0 2019 1 2.5 0.0



20230912 王军明 1 2023 物理学院 应用物理学 物理学院 应用物理学 20230912 0.00 0.0000 0.00 0.0000
34942 结构化学 0.0 2022 1 2.5 0.0
34942 结构力学 0.0 2023 1 3.0 0.0
26306 精神病学 0.0 2021 1 2.5 0.0
51020 离散数学 0.0 2023 1 2.5 0.0
51020 离散数学 0.0 2019 1 2.5 0.0



20240703 张小军 0 2024 物理学院 应用物理学 物理学院 应用物理学 20240703 77.96 2.3810 77.96 2.3810
45811 工程伦理 65.0 2020 0 1.5 1.5
47539 电磁学 78.0 2020 1 3.0 3.0
43616 光基科技 89.0 2021 0 1.5 3.7
39913 电路与模拟电子实验 87.0 2022 1 3.0 3.7
44584 材料力学 77.0 2022 1 2.5 2.7
23899 Java课程设计 67.0 2023 1 2.0 1.5



20240704 李建华 1 2024 物理学院 应用物理学 物理学院 应用物理学 20240704 0.00 0.0000 0.00 0.0000
44584 材料力学 0.0 2022 1 2.5 0.0
47539 电磁学 0.0 2020 1 3.0 0.0
39913 电路与模拟电子实验 0.0 2022 1 3.0 0.0
45811 工程伦理 0.0 2020 0 1.5 0.0
60198 海洋微生物学 0.0 2022 1 2.5 0.0
23110 宏观经济学 0.0 2020 1 2.0 0.0



20240705 王华明 0 2024 物理学院 应用物理学 物理学院 应用物理学 20240705 0.00 0.0000 0.00 0.0000
47539 电磁学 0.0 2020 1 3.0 0.0
39913 电路与模拟电子实验 0.0 2022 1 3.0 0.0
46125 动物解剖学 0.0 2019 1 2.0 0.0
27869 分子生物学基础 0.0 2020 1 3.0 0.0
45811 工程伦理 0.0 2020 0 1.5 0.0



20240706 张丽红 1 2024 物理学院 应用物理学 物理学院 应用物理学 20240706 0.00 0.0000 0.00 0.0000
39913 电路与模拟电子实验 0.0 2022 1 3.0 0.0
27869 分子生物学基础 0.0 2020 1 3.0 0.0
45811 工程伦理 0.0 2020 0 1.5 0.0
60198 海洋微生物学 0.0 2022 1 2.5 0.0
23110 宏观经济学 0.0 2020 1 2.0 0.0



20240707 王国华 0 2024 物理学院 应用物理学 物理学院 应用物理学 20240707 0.00 0.0000 0.00 0.0000
47539 电磁学 0.0 2020 1 3.0 0.0
39913 电路与模拟电子实验 0.0 2022 1 3.0 0.0
27869 分子生物学基础 0.0 2020 1 3.0 0.0
60198 海洋微生物学 0.0 2022 1 2.5 0.0
23110 宏观经济学 0.0 2020 1 2.0 0.0



20240708 李小丽 1 2024 物理学院 应用物理学 物理学院 应用物理学 20240708 0.00 0.0000 0.00 0.0000
47539 电磁学 0.0 2020 1 3.0 0.0
39913 电路与模拟电子实验 0.0 2022 1 3.0 0.0
46125 动物解剖学 0.0 2019 1 2.0 0.0
43616 光基科技 0.0 2021 0 1.5 0.0
60198 海洋微生物学 0.0 2022 1 2.5 0.0
23110 宏观经济学 0.0 2020 1 2.0 0.0



20240709 张华明 0 2024 物理学院 应用物理学 物理学院 应用物理学 20240709 0.00 0.0000 0.00 0.0000
44584 材料力学 0.0 2022 1 2.5 0.0
39913 电路与模拟电子实验 0.0 2022 1 3.0 0.0
43616 光基科技 0.0 2021 0 1.5 0.0
60198 海洋微生物学 0.0 2022 1 2.5 0.0
23110 宏观经济学 0.0 2020 1 2.0 0.0



20240710 王小军 1 2024 物理学院 应用物理学 物理学院 应用物理学 20240710 0.00 0.0000 0.00 0.0000
47539 电磁学 0.0 2020 1 3.0 0.0
46125 动物解剖学 0.0 2019 1 2.0 0.0
39913 电路与模拟电子实验 0.0 2022 1 3.0 0.0
43616 光基科技 0.0 2021 0 1.5 0.0
60198 海洋微生物学 0.0 2022 1 2.5 0.0



20240711 李军军 0 2024 物理学院 应用物理学 物理学院 应用物理学 20240711 0.00 0.0000 0.00 0.0000
39913 电路与模拟电子实验 0.0 2022 1 3.0 0.0
27869 分子生物学基础 0.0 2020 1 3.0 0.0
60198 海洋微生物学 0.0 2022 1 2.5 0.0
43616 光基科技 0.0 2021 0 1.5 0.0
60198 海洋微生物学 0.0 2022 1 2.5 0.0



20240712 张军丽 1 2024 物理学院 应用物理学 物理学院 应用物理学 20240712 0.00 0.0000 0.00 0.0000
39913 电路与模拟电子实验 0.0 2022 1 3.0 0.0
46125 动物解剖学 0.0 2019 1 2.0 0.0
27869 分子生物学基础 0.0 2020 1 3.0 0.0
45811 工程伦理 0.0 2020 0 1.5 0.0
60198 海洋微生物学 0.0 2022 1 2.5 0.0



99240503 王小华 0 2024 生命科学与技术学院 生物科学 生命科学与技术学院 生物科学 99240503 0.00 0.0000 0.00 0.0000



99240103 王小华 0 2024 生命科学与技术学院 生物科学 生命科学与技术学院 生物科学 99240103 0.00 0.0000 0.00 0.0000
60198 海洋微生物学 0.0 2022 1 2.5 0.0
29591 健美操 0.0 2020 0 2.0 0.0
34942 结构化学 0.0 2022 1 2.5 0.0
26306 精神病学 0.0 2021 1 2.5 0.0
29019 考古发现与中国文化 0.0 2019 0 1.5 0.0



99240104 李小军 1 2024 生命科学与技术学院 生物科学 生命科学与技术学院 生物科学 99240104 0.00 0.0000 0.00 0.0000
60198 海洋微生物学 0.0 2022 1 2.5 0.0
23110 宏观经济学 0.0 2020 1 2.0 0.0
29591 健美操 0.0 2020 0 2.0 0.0
34942 结构化学 0.0 2022 1 2.5 0.0
26306 精神病学 0.0 2021 1 2.5 0.0



99240105 张军明 0 2024 生命科学与技术学院 生物科学 生命科学与技术学院 生物科学 99240105 0.00 0.0000 0.00 0.0000
44584 材料力学 0.0 2022 1 2.5 0.0
60198 海洋微生物学 0.0 2022 1 2.5 0.0
23110 宏观经济学 0.0 2020 1 2.0 0.0
29591 健美操 0.0 2020 0 2.0 0.0
34942 结构化学 0.0 2021 1 2.5 0.0
29019 考古发现与中国文化 0.0 2019 0 1.5 0.0



99240106 王美华 1 2024 生命科学与技术学院 生物科学 生命科学与技术学院 生物科学 99240106 0.00 0.0000 0.00 0.0000
46125 动物解剖学 0.0 2019 1 2.0 0.0
60198 海洋微生物学 0.0 2022 1 2.5 0.0
23110 宏观经济学 0.0 2020 1 2.0 0.0
19373 基础物理学 0.0 2020 1 2.5 0.0
34942 结构化学 0.0 2022 1 2.5 0.0



99240107 李华丽 0 2024 生命科学与技术学院 生物科学 生命科学与技术学院 生物科学 99240107 0.00 0.0000 0.00 0.0000
46125 动物解剖学 0.0 2019 1 2.0 0.0
60198 海洋微生物学 0.0 2022 1 2.5 0.0
23110 宏观经济学 0.0 2020 1 2.0 0.0
34942 结构化学 0.0 2021 1 2.5 0.0
26306 精神病学 0.0 2021 1 2.5 0.0



99240108 张小明 1 2024 生命科学与技术学院 生物科学 生命科学与技术学院 生物科学 99240108 0.00 0.0000 0.00 0.0000
39913 电路与模拟电子实验 0.0 2022 1 3.0 0.0
47539 电磁学 0.0 2020 1 3.0 0.0
27869 分子生物学基础 0.0 2020 1 3.0 0.0
60198 海洋微生物学 0.0 2022 1 2.5 0.0
23110 宏观经济学 0.0 2020 1 2.0 0.0



99240109 王建明 0 2024 生命科学与技术学院 生物科学 生命科学与技术学院 生物科学 99240109 0.00 0.0000 0.00 0.0000
46125 动物解剖学 0.0 2019 1 2.0 0.0
60198 海洋微生物学 0.0 2022 1 2.5 0.0
43616 光基科技 0.0 2021 0 1.5 0.0
23110 宏观经济学 0.0 2020 1 2.0 0.0
19373 基础物理学 0.0 2020 1 2.5 0.0



99240110 李军华 1 2024 生命科学与技术学院 生物科学 生命科学与技术学院 生物科学 99240110 0.00 0.0000 0.00 0.0000



99240111 张美丽 0 2024 生命科学与技术学院 生物科学 生命科学与技术学院 生物科学 99240111 0.00 0.0000 0.00 0.0000
46125 动物解剖学 0.0 2019 1 2.0 0.0
27869 分子生物学基础 0.0 2020 1 3.0 0.0
60198 海洋微生物学 0.0 2022 1 2.5 0.0
23110 宏观经济学 0.0 2020 1 2.0 0.0
34942 结构化学 0.0 2021 1 2.5 0.0



99240112 王丽华 1 2024 生命科学与技术学院 生物科学 生命科学与技术学院 生物科学 99240112 0.00 0.0000 0.00 0.0000
60198 海洋微生物学 0.0 2022 1 2.5 0.0
46125 动物解剖学 0.0 2019 1 2.0 0.0
27869 分子生物学基础 0.0 2020 1 3.0 0.0
29591 健美操 0.0 2020 0 2.0 0.0



99240113 李建明 0 2024 生命科学与技术学院 生物科学 生命科学与技术学院 生物科学 99240113 0.00 0.0000 0.00 0.0000
39913 电路与模拟电子实验 0.0 2022 1 3.0 0.0
43616 光基科技 0.0 2021 0 1.5 0.0
60198 海洋微生物学 0.0 2022 1 2.5 0.0
23110 宏观经济学 0.0 2020 1 2.0 0.0
29591 健美操 0.0 2020 0 2.0 0.0



99240114 张建华 1 2024 生命科学与技术学院 生物科学 生命科学与技术学院 生物科学 99240114 0.00 0.0000 0.00 0.0000
46125 动物解剖学 0.0 2019 1 2.0 0.0
27869 分子生物学基础 0.0 2020 1 3.0 0.0
45811 工程伦理 0.0 2020 0 1.5 0.0
60198 海洋微生物学 0.0 2022 1 2.5 0.0
29591 健美操 0.0 2020 0 2.0 0.0



99240115 王小红 0 2024 生命科学与技术学院 生物科学 生命科学与技术学院 生物科学 99240115 0.00 0.0000 0.00 0.0000
46125 动物解剖学 0.0 2019 1 2.0 0.0
27869 分子生物学基础 0.0 2020 1 3.0 0.0
45811 工程伦理 0.0 2020 0 1.5 0.0
60198 海洋微生物学 0.0 2022 1 2.5 0.0



99240116 李红红 1 2024 生命科学与技术学院 生物科学 生命科学与技术学院 生物科学 99240116 0.00 0.0000 0.00 0.0000
43616 光基科技 0.0 2021 0 1.5 0.0
46125 动物解剖学 0.0 2019 1 2.0 0.0
45811 工程伦理 0.0 2020 0 1.5 0.0
60198 海洋微生物学 0.0 2022 1 2.5 0.0



99240117 张建华 0 2024 生命科学与技术学院 生物科学 生命科学与技术学院 生物科学 99240117 0.00 0.0000 0.00 0.0000
60198 海洋微生物学 0.0 2022 1 2.5 0.0
27869 分子生物学基础 0.0 2020 1 3.0 0.0
45811 工程伦理 0.0 2020 0 1.5 0.0
46125 动物解剖学 0.0 2019 1 2.0 0.0



99240118 王建军 1 2024 生命科学与技术学院 生物科学 生命科学与技术学院 生物科学 99240118 0.00 0.0000 0.00 0.0000
46125 动物解剖学 0.0 2019 1 2.0 0.0
27869 分子生物学基础 0.0 2020 1 3.0 0.0
43616 光基科技 0.0 2021 0 1.5 0.0
60198 海洋微生物学 0.0 2022 1 2.5 0.0



99240119 李芳 0 2024 生命科学与技术学院 生物科学 生命科学与技术学院 生物科学 99240119 0.00 0.0000 0.00 0.0000
46125 动物解剖学 0.0 2019 1 2.0 0.0
27869 分子生物学基础 0.0 2020 1 3.0 0.0
45811 工程伦理 0.0 2020 0 1.5 0.0
60198 海洋微生物学 0.0 2022 1 2.5 0.0



99240120 张霞 1 2024 生命科学与技术学院 生物科学 生命科学与技术学院 生物科学 99240120 0.00 0.0000 0.00 0.0000
27869 分子生物学基础 0.0 2020 1 3.0 0.0
39913 电路与模拟电子实验 0.0 2022 1 3.0 0.0
60198 海洋微生物学 0.0 2022 1 2.5 0.0
43616 光基科技 0.0 2021 0 1.5 0.0



